0 0 335571456.0
0 1 335571456.0
0 2 335620608.0
0 3 335620608.0
0 4 335620608.0
0 5 335571456.0
0 6 335571456.0
0 7 335571456.0
0 8 335620608.0
0 9 335620608.0
0 10 335571456.0
0 11 335620608.0
0 12 335571456.0
0 13 335571456.0
0 14 335571456.0
0 15 335620608.0
0 16 335645184.0
0 17 335571456.0
0 18 335596032.0
0 19 335571456.0
0 20 335546880.0
0 21 335620608.0
0 22 335596032.0
0 23 335596032.0
0 24 335596032.0
0 25 335620608.0
0 26 335571456.0
0 27 335645184.0
0 28 335620608.0
0 29 335546880.0
0 30 293628096.0
0 31 293628096.0
1 0 335620608.0
1 1 335620608.0
1 2 335620608.0
1 3 335620608.0
1 4 335620608.0
1 5 335571456.0
1 6 335571456.0
1 7 335571456.0
1 8 335620608.0
1 9 335620608.0
1 10 335620608.0
1 11 335620608.0
1 12 335620608.0
1 13 335571456.0
1 14 335571456.0
1 15 335620608.0
1 16 335645184.0
1 17 335694336.0
1 18 335596032.0
1 19 335571456.0
1 20 335571456.0
1 21 335620608.0
1 22 335571456.0
1 23 335645184.0
1 24 335620608.0
1 25 335571456.0
1 26 335596032.0
1 27 335571456.0
1 28 335571456.0
1 29 335620608.0
1 30 293628096.0
1 31 293701824.0
2 0 335620608.0
2 1 335620608.0
2 2 335620608.0
2 3 335620608.0
2 4 335620608.0
2 5 335620608.0
2 6 335571456.0
2 7 335571456.0
2 8 335571456.0
2 9 335620608.0
2 10 335571456.0
2 11 335620608.0
2 12 335620608.0
2 13 335620608.0
2 14 335620608.0
2 15 335571456.0
2 16 335571456.0
2 17 335546880.0
2 18 335645184.0
2 19 335620608.0
2 20 335645184.0
2 21 335596032.0
2 22 335620608.0
2 23 335596032.0
2 24 335596032.0
2 25 335620608.0
2 26 293652672.0
2 27 293652672.0
2 28 293701824.0
2 29 293677248.0
2 30 293677248.0
2 31 293603520.0
3 0 335571456.0
3 1 335620608.0
3 2 335571456.0
3 3 335571456.0
3 4 335571456.0
3 5 335571456.0
3 6 335571456.0
3 7 335571456.0
3 8 335571456.0
3 9 335571456.0
3 10 335620608.0
3 11 335571456.0
3 12 335571456.0
3 13 335571456.0
3 14 335620608.0
3 15 335571456.0
3 16 335596032.0
3 17 335571456.0
3 18 335546880.0
3 19 335546880.0
3 20 335669760.0
3 21 335645184.0
3 22 335546880.0
3 23 335571456.0
3 24 335546880.0
3 25 335596032.0
3 26 293603520.0
3 27 293603520.0
3 28 293652672.0
3 29 293628096.0
3 30 293677248.0
3 31 293628096.0
4 0 335620608.0
4 1 335620608.0
4 2 335620608.0
4 3 335571456.0
4 4 335620608.0
4 5 335620608.0
4 6 335620608.0
4 7 335620608.0
4 8 335571456.0
4 9 335620608.0
4 10 335620608.0
4 11 335571456.0
4 12 335571456.0
4 13 335571456.0
4 14 335571456.0
4 15 335571456.0
4 16 335620608.0
4 17 335620608.0
4 18 335620608.0
4 19 335546880.0
4 20 335645184.0
4 21 335571456.0
4 22 335571456.0
4 23 335620608.0
4 24 335620608.0
4 25 335546880.0
4 26 335669760.0
4 27 335571456.0
4 28 335596032.0
4 29 335596032.0
4 30 293652672.0
4 31 293628096.0
5 0 335571456.0
5 1 335620608.0
5 2 335571456.0
5 3 335571456.0
5 4 335620608.0
5 5 335620608.0
5 6 335620608.0
5 7 335571456.0
5 8 335620608.0
5 9 335620608.0
5 10 335571456.0
5 11 335571456.0
5 12 335620608.0
5 13 335620608.0
5 14 335620608.0
5 15 335571456.0
5 16 377539392.0
5 17 377563968.0
5 18 335546880.0
5 19 335571456.0
5 20 293652672.0
5 21 335546880.0
5 22 335645184.0
5 23 335596032.0
5 24 293701824.0
5 25 335645184.0
5 26 335596032.0
5 27 335596032.0
5 28 335571456.0
5 29 335571456.0
5 30 335596032.0
5 31 335645184.0
6 0 335571456.0
6 1 335571456.0
6 2 335620608.0
6 3 335620608.0
6 4 335620608.0
6 5 335620608.0
6 6 335571456.0
6 7 335620608.0
6 8 335571456.0
6 9 335571456.0
6 10 335571456.0
6 11 335571456.0
6 12 335620608.0
6 13 335620608.0
6 14 335571456.0
6 15 335620608.0
6 16 209765952.0
6 17 335620608.0
6 18 335596032.0
6 19 293628096.0
6 20 335620608.0
6 21 335645184.0
6 22 335620608.0
6 23 335620608.0
6 24 335571456.0
6 25 335596032.0
6 26 335596032.0
6 27 335546880.0
6 28 335546880.0
6 29 335596032.0
6 30 293628096.0
6 31 293677248.0
7 0 335620608.0
7 1 335571456.0
7 2 335571456.0
7 3 335620608.0
7 4 335620608.0
7 5 335571456.0
7 6 335571456.0
7 7 335620608.0
7 8 335571456.0
7 9 335571456.0
7 10 335571456.0
7 11 335571456.0
7 12 335620608.0
7 13 335571456.0
7 14 335620608.0
7 15 335571456.0
7 16 335620608.0
7 17 335546880.0
7 18 293628096.0
7 19 293628096.0
7 20 335571456.0
7 21 335546880.0
7 22 335571456.0
7 23 335694336.0
7 24 335620608.0
7 25 335571456.0
7 26 335596032.0
7 27 335620608.0
7 28 293677248.0
7 29 293652672.0
7 30 293628096.0
7 31 293603520.0
8 0 335571456.0
8 1 335571456.0
8 2 335571456.0
8 3 335571456.0
8 4 335620608.0
8 5 335620608.0
8 6 335571456.0
8 7 335620608.0
8 8 335571456.0
8 9 335571456.0
8 10 335620608.0
8 11 335620608.0
8 12 335620608.0
8 13 335620608.0
8 14 335571456.0
8 15 335620608.0
8 16 293628096.0
8 17 293603520.0
8 18 293677248.0
8 19 335571456.0
8 20 335620608.0
8 21 335620608.0
8 22 335596032.0
8 23 335620608.0
8 24 335546880.0
8 25 335546880.0
8 26 335620608.0
8 27 335546880.0
8 28 335694336.0
8 29 293628096.0
8 30 293677248.0
8 31 293677248.0
9 0 335620608.0
9 1 335571456.0
9 2 335620608.0
9 3 335620608.0
9 4 335620608.0
9 5 335620608.0
9 6 335571456.0
9 7 335620608.0
9 8 335571456.0
9 9 335571456.0
9 10 335571456.0
9 11 335620608.0
9 12 335620608.0
9 13 335571456.0
9 14 335571456.0
9 15 335620608.0
9 16 293628096.0
9 17 335571456.0
9 18 335669760.0
9 19 335620608.0
9 20 335620608.0
9 21 335620608.0
9 22 335596032.0
9 23 335596032.0
9 24 335596032.0
9 25 335546880.0
9 26 335546880.0
9 27 335571456.0
9 28 335620608.0
9 29 293652672.0
9 30 293726400.0
9 31 293628096.0
10 0 335571456.0
10 1 335571456.0
10 2 335620608.0
10 3 335620608.0
10 4 335571456.0
10 5 335571456.0
10 6 335571456.0
10 7 335571456.0
10 8 335571456.0
10 9 335571456.0
10 10 335620608.0
10 11 335620608.0
10 12 335620608.0
10 13 335620608.0
10 14 335571456.0
10 15 335571456.0
10 16 293628096.0
10 17 293628096.0
10 18 335620608.0
10 19 335596032.0
10 20 335571456.0
10 21 335571456.0
10 22 335620608.0
10 23 335620608.0
10 24 335571456.0
10 25 335571456.0
10 26 335596032.0
10 27 335669760.0
10 28 335546880.0
10 29 335571456.0
10 30 335546880.0
10 31 335620608.0
11 0 335620608.0
11 1 335571456.0
11 2 335620608.0
11 3 335620608.0
11 4 335620608.0
11 5 335571456.0
11 6 335571456.0
11 7 335620608.0
11 8 335571456.0
11 9 335620608.0
11 10 335620608.0
11 11 335620608.0
11 12 335571456.0
11 13 335620608.0
11 14 335620608.0
11 15 335571456.0
11 16 251709312.0
11 17 335718912.0
11 18 335669760.0
11 19 335645184.0
11 20 335596032.0
11 21 335546880.0
11 22 335596032.0
11 23 335571456.0
11 24 335571456.0
11 25 335596032.0
11 26 335596032.0
11 27 335596032.0
11 28 335546880.0
11 29 335571456.0
11 30 335571456.0
11 31 335596032.0
12 0 335571456.0
12 1 335620608.0
12 2 335571456.0
12 3 335571456.0
12 4 335620608.0
12 5 335571456.0
12 6 335571456.0
12 7 335571456.0
12 8 335571456.0
12 9 335620608.0
12 10 335620608.0
12 11 335620608.0
12 12 335571456.0
12 13 335620608.0
12 14 335571456.0
12 15 335571456.0
12 16 377514816.0
12 17 293701824.0
12 18 251709312.0
12 19 335645184.0
12 20 335546880.0
12 21 335620608.0
12 22 335596032.0
12 23 335546880.0
12 24 335596032.0
12 25 335596032.0
12 26 335546880.0
12 27 335596032.0
12 28 335571456.0
12 29 335596032.0
12 30 335596032.0
12 31 335571456.0
13 0 335571456.0
13 1 335571456.0
13 2 335620608.0
13 3 335620608.0
13 4 335620608.0
13 5 335620608.0
13 6 335620608.0
13 7 335571456.0
13 8 335620608.0
13 9 335620608.0
13 10 335620608.0
13 11 335620608.0
13 12 335596032.0
13 13 335571456.0
13 14 335571456.0
13 15 335571456.0
13 16 335620608.0
13 17 293677248.0
13 18 293652672.0
13 19 335546880.0
13 20 335645184.0
13 21 335596032.0
13 22 335571456.0
13 23 293628096.0
13 24 335645184.0
13 25 335546880.0
13 26 293628096.0
13 27 335620608.0
13 28 335596032.0
13 29 335596032.0
13 30 293652672.0
13 31 293726400.0
14 0 335571456.0
14 1 335571456.0
14 2 335620608.0
14 3 335571456.0
14 4 335571456.0
14 5 335620608.0
14 6 335620608.0
14 7 335571456.0
14 8 335571456.0
14 9 335571456.0
14 10 335620608.0
14 11 335620608.0
14 12 335571456.0
14 13 335620608.0
14 14 335571456.0
14 15 335620608.0
14 16 293603520.0
14 17 293726400.0
14 18 251684736.0
14 19 335620608.0
14 20 335596032.0
14 21 335546880.0
14 22 335571456.0
14 23 335546880.0
14 24 335571456.0
14 25 335596032.0
14 26 335571456.0
14 27 335669760.0
14 28 335596032.0
14 29 335596032.0
14 30 335596032.0
14 31 335571456.0
15 0 335571456.0
15 1 335620608.0
15 2 335571456.0
15 3 335571456.0
15 4 335620608.0
15 5 335571456.0
15 6 335571456.0
15 7 335571456.0
15 8 335620608.0
15 9 335571456.0
15 10 335571456.0
15 11 335571456.0
15 12 335571456.0
15 13 335571456.0
15 14 335571456.0
15 15 335620608.0
15 16 209741376.0
15 17 293628096.0
15 18 335620608.0
15 19 335596032.0
15 20 335596032.0
15 21 335596032.0
15 22 335546880.0
15 23 335571456.0
15 24 335546880.0
15 25 335620608.0
15 26 293701824.0
15 27 335571456.0
15 28 335546880.0
15 29 293603520.0
15 30 293652672.0
15 31 293652672.0
16 0 335571456.0
16 1 335571456.0
16 2 335620608.0
16 3 335620608.0
16 4 335620608.0
16 5 335620608.0
16 6 335620608.0
16 7 335571456.0
16 8 335571456.0
16 9 335571456.0
16 10 335571456.0
16 11 335620608.0
16 12 335620608.0
16 13 335571456.0
16 14 335620608.0
16 15 335620608.0
16 16 335620608.0
16 17 335546880.0
16 18 335620608.0
16 19 335596032.0
16 20 335571456.0
16 21 335620608.0
16 22 335596032.0
16 23 335571456.0
16 24 293603520.0
16 25 293628096.0
16 26 293652672.0
16 27 293652672.0
16 28 293701824.0
16 29 293701824.0
16 30 293603520.0
16 31 293750976.0
17 0 335571456.0
17 1 335571456.0
17 2 335620608.0
17 3 335571456.0
17 4 335571456.0
17 5 335620608.0
17 6 335620608.0
17 7 335620608.0
17 8 335571456.0
17 9 335571456.0
17 10 335620608.0
17 11 335620608.0
17 12 335571456.0
17 13 335571456.0
17 14 335571456.0
17 15 335620608.0
17 16 335596032.0
17 17 335596032.0
17 18 335546880.0
17 19 335596032.0
17 20 335546880.0
17 21 335620608.0
17 22 293652672.0
17 23 335571456.0
17 24 335571456.0
17 25 335596032.0
17 26 335620608.0
17 27 293628096.0
17 28 293677248.0
17 29 293603520.0
17 30 293628096.0
17 31 293677248.0
18 0 335571456.0
18 1 335571456.0
18 2 335620608.0
18 3 335620608.0
18 4 335620608.0
18 5 335571456.0
18 6 335571456.0
18 7 335571456.0
18 8 335571456.0
18 9 335620608.0
18 10 335620608.0
18 11 335571456.0
18 12 335620608.0
18 13 335571456.0
18 14 335571456.0
18 15 335620608.0
18 16 335546880.0
18 17 335571456.0
18 18 335645184.0
18 19 335571456.0
18 20 335571456.0
18 21 335546880.0
18 22 335596032.0
18 23 335596032.0
18 24 335546880.0
18 25 335571456.0
18 26 335645184.0
18 27 335620608.0
18 28 335596032.0
18 29 335694336.0
18 30 335596032.0
18 31 335571456.0
19 0 335571456.0
19 1 335620608.0
19 2 335620608.0
19 3 335620608.0
19 4 335620608.0
19 5 335620608.0
19 6 335620608.0
19 7 335620608.0
19 8 335620608.0
19 9 335571456.0
19 10 335571456.0
19 11 335620608.0
19 12 335620608.0
19 13 335571456.0
19 14 335620608.0
19 15 335620608.0
19 16 209765952.0
19 17 335571456.0
19 18 293750976.0
19 19 335571456.0
19 20 335571456.0
19 21 335620608.0
19 22 251660160.0
19 23 335596032.0
19 24 335669760.0
19 25 335620608.0
19 26 335596032.0
19 27 335669760.0
19 28 335596032.0
19 29 335596032.0
19 30 335596032.0
19 31 335620608.0
20 0 335620608.0
20 1 335620608.0
20 2 335620608.0
20 3 335620608.0
20 4 335620608.0
20 5 335571456.0
20 6 335620608.0
20 7 335571456.0
20 8 335571456.0
20 9 335620608.0
20 10 335571456.0
20 11 335571456.0
20 12 335571456.0
20 13 335620608.0
20 14 335620608.0
20 15 335620608.0
20 16 293652672.0
20 17 335596032.0
20 18 293701824.0
20 19 293628096.0
20 20 335620608.0
20 21 335596032.0
20 22 335645184.0
20 23 335596032.0
20 24 335571456.0
20 25 335620608.0
20 26 335571456.0
20 27 335645184.0
20 28 335620608.0
20 29 335596032.0
20 30 293628096.0
20 31 335571456.0
21 0 335620608.0
21 1 335620608.0
21 2 335571456.0
21 3 335620608.0
21 4 335620608.0
21 5 335571456.0
21 6 335571456.0
21 7 335620608.0
21 8 335571456.0
21 9 335620608.0
21 10 335571456.0
21 11 335571456.0
21 12 335620608.0
21 13 335571456.0
21 14 335596032.0
21 15 335571456.0
21 16 335546880.0
21 17 335694336.0
21 18 335596032.0
21 19 335596032.0
21 20 335571456.0
21 21 335546880.0
21 22 335596032.0
21 23 335596032.0
21 24 335546880.0
21 25 335571456.0
21 26 335571456.0
21 27 335596032.0
21 28 293701824.0
21 29 293652672.0
21 30 293701824.0
21 31 293652672.0
22 0 335620608.0
22 1 335620608.0
22 2 335620608.0
22 3 335620608.0
22 4 335571456.0
22 5 335571456.0
22 6 335620608.0
22 7 335620608.0
22 8 335620608.0
22 9 335571456.0
22 10 335571456.0
22 11 335571456.0
22 12 335620608.0
22 13 335571456.0
22 14 335620608.0
22 15 335571456.0
22 16 335546880.0
22 17 335571456.0
22 18 335571456.0
22 19 335620608.0
22 20 335645184.0
22 21 335571456.0
22 22 335669760.0
22 23 335620608.0
22 24 335596032.0
22 25 335620608.0
22 26 335596032.0
22 27 335596032.0
22 28 335596032.0
22 29 335571456.0
22 30 293628096.0
22 31 293677248.0
23 0 335620608.0
23 1 335620608.0
23 2 335571456.0
23 3 335620608.0
23 4 335620608.0
23 5 335571456.0
23 6 335620608.0
23 7 335571456.0
23 8 335571456.0
23 9 335571456.0
23 10 335571456.0
23 11 335620608.0
23 12 335620608.0
23 13 335571456.0
23 14 335571456.0
23 15 335571456.0
23 16 335571456.0
23 17 335546880.0
23 18 335645184.0
23 19 335620608.0
23 20 335596032.0
23 21 335571456.0
23 22 335571456.0
23 23 335571456.0
23 24 335620608.0
23 25 335596032.0
23 26 335571456.0
23 27 335645184.0
23 28 293628096.0
23 29 293677248.0
23 30 293677248.0
23 31 293603520.0
24 0 335571456.0
24 1 335620608.0
24 2 335620608.0
24 3 335571456.0
24 4 335620608.0
24 5 335620608.0
24 6 335620608.0
24 7 335571456.0
24 8 335571456.0
24 9 335571456.0
24 10 335571456.0
24 11 335571456.0
24 12 335620608.0
24 13 335620608.0
24 14 335620608.0
24 15 335571456.0
24 16 335596032.0
24 17 335645184.0
24 18 335546880.0
24 19 335620608.0
24 20 335620608.0
24 21 335546880.0
24 22 335669760.0
24 23 335596032.0
24 24 335571456.0
24 25 335571456.0
24 26 335571456.0
24 27 335645184.0
24 28 293652672.0
24 29 293603520.0
24 30 293628096.0
24 31 293677248.0
25 0 335620608.0
25 1 335571456.0
25 2 335620608.0
25 3 335571456.0
25 4 335571456.0
25 5 335620608.0
25 6 335571456.0
25 7 335571456.0
25 8 335620608.0
25 9 335620608.0
25 10 335620608.0
25 11 335620608.0
25 12 335620608.0
25 13 335620608.0
25 14 335620608.0
25 15 335571456.0
25 16 335620608.0
25 17 335596032.0
25 18 335546880.0
25 19 335571456.0
25 20 335620608.0
25 21 335694336.0
25 22 335596032.0
25 23 335620608.0
25 24 335571456.0
25 25 335596032.0
25 26 335645184.0
25 27 335546880.0
25 28 335546880.0
25 29 335571456.0
25 30 335571456.0
25 31 335571456.0
26 0 335571456.0
26 1 335571456.0
26 2 335620608.0
26 3 335571456.0
26 4 335571456.0
26 5 335571456.0
26 6 335620608.0
26 7 335571456.0
26 8 335620608.0
26 9 335620608.0
26 10 335571456.0
26 11 335620608.0
26 12 335571456.0
26 13 335571456.0
26 14 335571456.0
26 15 335620608.0
26 16 335645184.0
26 17 335620608.0
26 18 335596032.0
26 19 335645184.0
26 20 335571456.0
26 21 335571456.0
26 22 335596032.0
26 23 335546880.0
26 24 335571456.0
26 25 335571456.0
26 26 335571456.0
26 27 335546880.0
26 28 335571456.0
26 29 335620608.0
26 30 293677248.0
26 31 293628096.0
27 0 335571456.0
27 1 335620608.0
27 2 335571456.0
27 3 335620608.0
27 4 335571456.0
27 5 335571456.0
27 6 335620608.0
27 7 335620608.0
27 8 335620608.0
27 9 335620608.0
27 10 335620608.0
27 11 335620608.0
27 12 335620608.0
27 13 335571456.0
27 14 335620608.0
27 15 335571456.0
27 16 335669760.0
27 17 335596032.0
27 18 335596032.0
27 19 335571456.0
27 20 335596032.0
27 21 335596032.0
27 22 335596032.0
27 23 335546880.0
27 24 335596032.0
27 25 335596032.0
27 26 335620608.0
27 27 335669760.0
27 28 293652672.0
27 29 293701824.0
27 30 293603520.0
27 31 293652672.0
28 0 335571456.0
28 1 335620608.0
28 2 335620608.0
28 3 335571456.0
28 4 335571456.0
28 5 335571456.0
28 6 335571456.0
28 7 335620608.0
28 8 335571456.0
28 9 335571456.0
28 10 335571456.0
28 11 335620608.0
28 12 335571456.0
28 13 335620608.0
28 14 335620608.0
28 15 335620608.0
28 16 335546880.0
28 17 335571456.0
28 18 335596032.0
28 19 335571456.0
28 20 335596032.0
28 21 335571456.0
28 22 335596032.0
28 23 335596032.0
28 24 335546880.0
28 25 335669760.0
28 26 293652672.0
28 27 293652672.0
28 28 293677248.0
28 29 293652672.0
28 30 293701824.0
28 31 293628096.0
29 0 335620608.0
29 1 335571456.0
29 2 335620608.0
29 3 335571456.0
29 4 335620608.0
29 5 335571456.0
29 6 335620608.0
29 7 335571456.0
29 8 335620608.0
29 9 335571456.0
29 10 335571456.0
29 11 335571456.0
29 12 335571456.0
29 13 335620608.0
29 14 335571456.0
29 15 335620608.0
29 16 335546880.0
29 17 335620608.0
29 18 335546880.0
29 19 335620608.0
29 20 335694336.0
29 21 335546880.0
29 22 335571456.0
29 23 335596032.0
29 24 335620608.0
29 25 335571456.0
29 26 335571456.0
29 27 335571456.0
29 28 293677248.0
29 29 293652672.0
29 30 293677248.0
29 31 293628096.0
30 0 335620608.0
30 1 335620608.0
30 2 335571456.0
30 3 335571456.0
30 4 335620608.0
30 5 335571456.0
30 6 335571456.0
30 7 335571456.0
30 8 335571456.0
30 9 335620608.0
30 10 335571456.0
30 11 335620608.0
30 12 335620608.0
30 13 335571456.0
30 14 335620608.0
30 15 335620608.0
30 16 335596032.0
30 17 335546880.0
30 18 335596032.0
30 19 335645184.0
30 20 335669760.0
30 21 335571456.0
30 22 335546880.0
30 23 335571456.0
30 24 335596032.0
30 25 335620608.0
30 26 335620608.0
30 27 335571456.0
30 28 335620608.0
30 29 335596032.0
30 30 293603520.0
30 31 293628096.0
31 0 335571456.0
31 1 335620608.0
31 2 335571456.0
31 3 335571456.0
31 4 335571456.0
31 5 335571456.0
31 6 335571456.0
31 7 335620608.0
31 8 335620608.0
31 9 335571456.0
31 10 335620608.0
31 11 335620608.0
31 12 335620608.0
31 13 335620608.0
31 14 335571456.0
31 15 335571456.0
31 16 335546880.0
31 17 335546880.0
31 18 335546880.0
31 19 335669760.0
31 20 335620608.0
31 21 335620608.0
31 22 335546880.0
31 23 335571456.0
31 24 335645184.0
31 25 335620608.0
31 26 335546880.0
31 27 335571456.0
31 28 335596032.0
31 29 335571456.0
31 30 293726400.0
31 31 293652672.0
