0 0 83886720.0
0 1 167773440.0
0 2 125854656.0
0 3 83911296.0
0 4 125879232.0
0 5 167798016.0
0 6 251660160.0
0 7 83911296.0
0 8 125879232.0
0 9 251733888.0
0 10 125854656.0
0 11 251709312.0
0 12 125830080.0
0 13 125830080.0
0 14 167798016.0
0 15 83935872.0
0 16 125830080.0
0 17 83886720.0
0 18 83886720.0
0 19 209790528.0
0 20 293628096.0
0 21 167773440.0
0 22 251684736.0
0 23 209741376.0
0 24 125854656.0
0 25 125830080.0
0 26 167773440.0
0 27 209741376.0
0 28 125879232.0
0 29 209716800.0
0 30 125879232.0
0 31 83935872.0
1 0 83886720.0
1 1 167773440.0
1 2 251684736.0
1 3 83935872.0
1 4 209765952.0
1 5 125854656.0
1 6 251660160.0
1 7 209741376.0
1 8 209765952.0
1 9 125854656.0
1 10 125854656.0
1 11 209765952.0
1 12 125879232.0
1 13 125854656.0
1 14 209741376.0
1 15 125854656.0
1 16 83911296.0
1 17 167798016.0
1 18 293652672.0
1 19 209716800.0
1 20 209716800.0
1 21 209765952.0
1 22 167773440.0
1 23 83935872.0
1 24 125854656.0
1 25 167798016.0
1 26 125879232.0
1 27 125854656.0
1 28 125854656.0
1 29 251684736.0
1 30 167798016.0
1 31 251709312.0
2 0 167822592.0
2 1 209741376.0
2 2 209790528.0
2 3 209765952.0
2 4 167798016.0
2 5 125854656.0
2 6 167773440.0
2 7 167773440.0
2 8 251684736.0
2 9 83960448.0
2 10 125830080.0
2 11 167822592.0
2 12 167847168.0
2 13 167822592.0
2 14 167798016.0
2 15 125854656.0
2 16 209716800.0
2 17 293628096.0
2 18 167822592.0
2 19 293628096.0
2 20 209741376.0
2 21 167773440.0
2 22 167798016.0
2 23 209716800.0
2 24 125830080.0
2 25 209765952.0
2 26 125879232.0
2 27 125830080.0
2 28 209741376.0
2 29 209716800.0
2 30 125830080.0
2 31 41967936.0
3 0 251660160.0
3 1 209765952.0
3 2 251660160.0
3 3 125830080.0
3 4 209716800.0
3 5 125830080.0
3 6 167798016.0
3 7 251660160.0
3 8 209741376.0
3 9 125854656.0
3 10 209765952.0
3 11 0.0
3 12 125854656.0
3 13 167773440.0
3 14 125879232.0
3 15 167773440.0
3 16 209716800.0
3 17 167847168.0
3 18 83935872.0
3 19 209741376.0
3 20 125854656.0
3 21 167798016.0
3 22 125879232.0
3 23 167847168.0
3 24 209790528.0
3 25 167798016.0
3 26 125854656.0
3 27 125879232.0
3 28 209716800.0
3 29 209741376.0
3 30 125854656.0
3 31 167798016.0
4 0 83935872.0
4 1 167822592.0
4 2 167798016.0
4 3 83911296.0
4 4 167822592.0
4 5 251709312.0
4 6 209741376.0
4 7 251684736.0
4 8 293603520.0
4 9 167798016.0
4 10 209741376.0
4 11 209716800.0
4 12 167798016.0
4 13 251660160.0
4 14 251660160.0
4 15 83886720.0
4 16 125854656.0
4 17 125854656.0
4 18 125854656.0
4 19 125830080.0
4 20 167822592.0
4 21 209741376.0
4 22 125854656.0
4 23 167773440.0
4 24 251684736.0
4 25 83935872.0
4 26 167773440.0
4 27 167798016.0
4 28 167798016.0
4 29 209716800.0
4 30 251733888.0
4 31 41967936.0
5 0 125854656.0
5 1 167822592.0
5 2 41943360.0
5 3 167798016.0
5 4 83911296.0
5 5 125879232.0
5 6 167822592.0
5 7 167798016.0
5 8 251684736.0
5 9 125903808.0
5 10 293628096.0
5 11 209741376.0
5 12 167822592.0
5 13 125879232.0
5 14 251684736.0
5 15 209741376.0
5 16 167847168.0
5 17 167822592.0
5 18 167773440.0
5 19 209716800.0
5 20 251709312.0
5 21 251684736.0
5 22 125830080.0
5 23 83935872.0
5 24 209741376.0
5 25 167798016.0
5 26 125830080.0
5 27 41943360.0
5 28 209741376.0
5 29 125830080.0
5 30 125854656.0
5 31 293628096.0
6 0 83886720.0
6 1 167773440.0
6 2 125879232.0
6 3 41967936.0
6 4 209765952.0
6 5 167847168.0
6 6 125854656.0
6 7 209741376.0
6 8 209741376.0
6 9 209741376.0
6 10 125830080.0
6 11 167798016.0
6 12 251709312.0
6 13 167847168.0
6 14 167798016.0
6 15 125854656.0
6 16 83935872.0
6 17 167822592.0
6 18 167847168.0
6 19 125879232.0
6 20 167773440.0
6 21 209741376.0
6 22 251684736.0
6 23 125903808.0
6 24 251709312.0
6 25 209716800.0
6 26 251660160.0
6 27 125830080.0
6 28 167798016.0
6 29 125854656.0
6 30 209716800.0
6 31 125854656.0
7 0 125879232.0
7 1 167798016.0
7 2 83886720.0
7 3 251733888.0
7 4 125854656.0
7 5 125854656.0
7 6 167798016.0
7 7 209741376.0
7 8 167798016.0
7 9 167798016.0
7 10 209716800.0
7 11 41967936.0
7 12 293628096.0
7 13 251660160.0
7 14 125854656.0
7 15 167798016.0
7 16 209741376.0
7 17 209741376.0
7 18 125854656.0
7 19 125830080.0
7 20 125854656.0
7 21 209741376.0
7 22 83886720.0
7 23 125854656.0
7 24 167773440.0
7 25 125854656.0
7 26 167798016.0
7 27 167798016.0
7 28 167773440.0
7 29 209741376.0
7 30 125854656.0
7 31 125854656.0
8 0 83886720.0
8 1 41943360.0
8 2 125830080.0
8 3 167798016.0
8 4 167822592.0
8 5 167798016.0
8 6 125830080.0
8 7 125879232.0
8 8 209716800.0
8 9 209741376.0
8 10 83935872.0
8 11 125854656.0
8 12 41943360.0
8 13 167798016.0
8 14 125830080.0
8 15 209790528.0
8 16 83911296.0
8 17 41967936.0
8 18 167822592.0
8 19 251684736.0
8 20 41943360.0
8 21 209716800.0
8 22 167822592.0
8 23 167798016.0
8 24 167798016.0
8 25 251660160.0
8 26 125854656.0
8 27 251660160.0
8 28 83935872.0
8 29 125854656.0
8 30 167798016.0
8 31 83911296.0
9 0 125879232.0
9 1 251684736.0
9 2 167847168.0
9 3 209765952.0
9 4 167798016.0
9 5 167798016.0
9 6 167773440.0
9 7 167822592.0
9 8 167798016.0
9 9 83911296.0
9 10 125830080.0
9 11 125830080.0
9 12 251684736.0
9 13 209716800.0
9 14 41967936.0
9 15 293652672.0
9 16 251684736.0
9 17 209741376.0
9 18 209741376.0
9 19 251684736.0
9 20 251660160.0
9 21 209765952.0
9 22 167798016.0
9 23 167773440.0
9 24 167773440.0
9 25 209765952.0
9 26 209765952.0
9 27 293628096.0
9 28 125854656.0
9 29 209741376.0
9 30 209741376.0
9 31 125830080.0
10 0 167798016.0
10 1 167773440.0
10 2 209741376.0
10 3 83935872.0
10 4 167798016.0
10 5 251660160.0
10 6 125830080.0
10 7 167773440.0
10 8 251660160.0
10 9 167798016.0
10 10 125903808.0
10 11 167798016.0
10 12 209716800.0
10 13 125879232.0
10 14 335571456.0
10 15 167773440.0
10 16 83886720.0
10 17 167773440.0
10 18 125903808.0
10 19 209741376.0
10 20 209716800.0
10 21 167773440.0
10 22 125879232.0
10 23 167798016.0
10 24 167798016.0
10 25 125879232.0
10 26 125830080.0
10 27 167798016.0
10 28 125830080.0
10 29 209716800.0
10 30 335546880.0
10 31 83935872.0
11 0 167822592.0
11 1 209716800.0
11 2 251709312.0
11 3 125879232.0
11 4 125854656.0
11 5 167798016.0
11 6 125830080.0
11 7 209790528.0
11 8 167773440.0
11 9 83935872.0
11 10 209765952.0
11 11 251684736.0
11 12 125854656.0
11 13 167773440.0
11 14 41967936.0
11 15 167773440.0
11 16 167798016.0
11 17 167847168.0
11 18 251660160.0
11 19 83935872.0
11 20 125830080.0
11 21 167773440.0
11 22 167798016.0
11 23 83935872.0
11 24 293628096.0
11 25 83911296.0
11 26 167822592.0
11 27 167847168.0
11 28 251660160.0
11 29 209716800.0
11 30 209790528.0
11 31 293603520.0
12 0 125854656.0
12 1 125830080.0
12 2 167798016.0
12 3 209741376.0
12 4 251684736.0
12 5 125830080.0
12 6 167773440.0
12 7 83911296.0
12 8 209716800.0
12 9 125854656.0
12 10 251709312.0
12 11 167822592.0
12 12 125854656.0
12 13 293652672.0
12 14 167773440.0
12 15 125854656.0
12 16 167798016.0
12 17 167798016.0
12 18 251733888.0
12 19 167773440.0
12 20 209716800.0
12 21 209741376.0
12 22 167798016.0
12 23 83935872.0
12 24 167798016.0
12 25 125854656.0
12 26 125830080.0
12 27 167822592.0
12 28 167798016.0
12 29 209741376.0
12 30 125879232.0
12 31 41967936.0
13 0 125854656.0
13 1 209716800.0
13 2 125903808.0
13 3 167773440.0
13 4 125854656.0
13 5 167798016.0
13 6 209790528.0
13 7 167773440.0
13 8 83911296.0
13 9 167822592.0
13 10 209741376.0
13 11 125879232.0
13 12 167773440.0
13 13 251660160.0
13 14 209741376.0
13 15 293603520.0
13 16 83960448.0
13 17 83886720.0
13 18 209765952.0
13 19 125830080.0
13 20 125903808.0
13 21 209741376.0
13 22 209765952.0
13 23 83911296.0
13 24 125854656.0
13 25 125854656.0
13 26 251684736.0
13 27 125830080.0
13 28 209741376.0
13 29 83911296.0
13 30 209716800.0
13 31 83886720.0
14 0 167773440.0
14 1 251684736.0
14 2 83886720.0
14 3 83886720.0
14 4 125830080.0
14 5 125854656.0
14 6 125879232.0
14 7 167798016.0
14 8 167773440.0
14 9 125830080.0
14 10 209765952.0
14 11 167798016.0
14 12 83886720.0
14 13 125854656.0
14 14 209741376.0
14 15 209716800.0
14 16 125879232.0
14 17 251684736.0
14 18 251660160.0
14 19 167798016.0
14 20 167822592.0
14 21 125854656.0
14 22 125854656.0
14 23 251684736.0
14 24 167773440.0
14 25 251709312.0
14 26 251660160.0
14 27 83886720.0
14 28 41967936.0
14 29 167773440.0
14 30 125879232.0
14 31 167847168.0
15 0 209716800.0
15 1 251660160.0
15 2 209716800.0
15 3 125854656.0
15 4 209765952.0
15 5 83886720.0
15 6 251684736.0
15 7 167798016.0
15 8 293652672.0
15 9 83911296.0
15 10 125830080.0
15 11 41967936.0
15 12 167773440.0
15 13 125854656.0
15 14 209716800.0
15 15 251733888.0
15 16 83911296.0
15 17 167798016.0
15 18 125830080.0
15 19 125854656.0
15 20 167798016.0
15 21 251684736.0
15 22 167773440.0
15 23 167822592.0
15 24 167822592.0
15 25 125830080.0
15 26 209741376.0
15 27 83911296.0
15 28 83911296.0
15 29 209741376.0
15 30 125830080.0
15 31 125854656.0
